19491
31981
11500
23885
13503
14237
2709
22882
18061
8261
26021
15197
12385
30651
21415
31337
9541
6964
6671
28411
24941
17764
31438
15635
31593
27366
12068
13247
21918
13789
1205
17888
17399
25820
20704
48
14808
4355
11852
8324
5204
8043
14531
12879
21663
25029
15172
21608
24262
10813
1107
3085
4253
22181
21652
18727
17657
5839
7064
32719
5920
29242
30455
31506
31358
20721
10143
19697
31386
2993
29035
32684
14152
18250
6392
27713
28959
8007
29620
23087
14893
25553
15927
19583
7914
28369
11479
8197
23403
21589
27254
24292
28888
29237
31135
27984
12064
8950
11218
29592
1771
6126
8987
10595
14289
7849
4585
26169
11977
21900
11550
6982
10468
5048
1123
6747
28219
2098
13502
20022
14629
21568
10598
18435
7598
9494
24278
17955
1349
4273
23584
6187
4789
14852
22148
1072
599
82
13121
4418
23173
15835
23467
23350
81
22970
6014
21417
1143
12558
24946
5185
15505
7000
27151
9782
31882
3620
15555
25361
1109
9196
15154
21172
30175
2617
25293
10907
26434
6923
4262
21089
25915
9595
14210
4486
31198
10655
15408
19055
2952
2990
27674
26286
10262
612
16922
22660
4180
17576
28047
21924
6072
14957
20399
12090
11345
13526
25375
27436
6906
29085
16833
672
25555
28085
15565
27070
13042
19246
15139
17591
20821
20058
20959
28166
8731
13870
19246
12790
32756
29674
3937
25444
3799
1533
9280
11718
22003
31266
13985
18540
13799
23248
25145
28422
3893
3025
11185
17255
11508
23088
24828
31880
18374
17241
21481
1744
13578
14204
8948
31122
5715
23346
1122
1496
7448
3171
18317
16991
13997
11879
124
30946
13425
363
4534
22683
17482
2327
2136
12808
19790
18030
32358
8171
1219
18677
30559
16788
20298
23319
27412
27234
16983
19912
29369
27272
23012
10089
19517
21773
13927
14827
10199
26391
30465
25656
29666
29800
1016
718
6890
32041
23911
21421
26631
20710
16948
20852
1385
25307
17219
18887
18741
13166
5865
13043
17552
29436
16548
1237
18680
16856
24841
6392
22491
12689
16893
22013
12386
27508
29480
10816
28558
8274
2727
6584
30343
9604
24065
25375
2865
25387
18269
83
26367
30652
19186
1533
10252
13501
12478
9840
22632
22729
26235
23508
32687
10970
15823
32131
29409
23240
23235
17587
22125
19212
26230
1110
1679
10186
23059
6206
23004
28431
30208
20357
29212
20055
14680
22060
3927
31058
28060
25090
6451
24039
6821
9927
21117
22906
30429
21906
27397
21354
10159
11120
25519
24798
26172
21326
30919
21954
23632
7961
1685
26380
19860
23587
7217
16964
24837
18121
12441
15939
7844
24915
11777
2363
30063
12827
18282
30711
23953
11506
19574
23140
27350
19391
28539
31057
25441
6761
12758
8563
11937
14839
27266
24492
12417
7926
6889
21132
25823
3867
1529
13593
20288
8746
15739
1739
4802
18966
6560
29915
18002
9834
20189
26814
22814
9959
5625
24556
6989
16751
6757
28901
16110
16162
8907
8566
25903
25798
10217
29240
3024
31340
19872
17243
28375
30288
29256
30369
12932
20226
18503
29357
27015
14531
11746
27518
19313
21042
14163
5175
12137
1064
7963
7713
