48
81
82
83
124
363
599
612
672
718
1016
1064
1072
1107
1109
1110
1122
1123
1143
1205
1219
1237
1349
1385
1496
1529
1533
1533
1679
1685
1739
1744
1771
2098
2136
2327
2363
2617
2709
2727
2865
2952
2990
2993
3024
3025
3085
3171
3620
3799
3867
3893
3927
3937
4180
4253
4262
4273
4355
4418
4486
4534
4585
4789
4802
5048
5175
5185
5204
5625
5715
5839
5865
5920
6014
6072
6126
6187
6206
6392
6392
6451
6560
6584
6671
6747
6757
6761
6821
6889
6890
6906
6923
6964
6982
6989
7000
7064
7217
7448
7598
7713
7844
7849
7914
7926
7961
7963
8007
8043
8171
8197
8261
8274
8324
8563
8566
8731
8746
8907
8948
8950
8987
9196
9280
9494
9541
9595
9604
9782
9834
9840
9927
9959
10089
10143
10159
10186
10199
10217
10252
10262
10468
10595
10598
10655
10813
10816
10907
10970
11120
11185
11218
11345
11479
11500
11506
11508
11550
11718
11746
11777
11852
11879
11937
11977
12064
12068
12090
12137
12385
12386
12417
12441
12478
12558
12689
12758
12790
12808
12827
12879
12932
13042
13043
13121
13166
13247
13425
13501
13502
13503
13526
13578
13593
13789
13799
13870
13927
13985
13997
14152
14163
14204
14210
14237
14289
14531
14531
14629
14680
14808
14827
14839
14852
14893
14957
15139
15154
15172
15197
15408
15505
15555
15565
15635
15739
15823
15835
15927
15939
16110
16162
16548
16751
16788
16833
16856
16893
16922
16948
16964
16983
16991
17219
17241
17243
17255
17399
17482
17552
17576
17587
17591
17657
17764
17888
17955
18002
18030
18061
18121
18250
18269
18282
18317
18374
18435
18503
18540
18677
18680
18727
18741
18887
18966
19055
19186
19212
19246
19246
19313
19391
19491
19517
19574
19583
19697
19790
19860
19872
19912
20022
20055
20058
20189
20226
20288
20298
20357
20399
20704
20710
20721
20821
20852
20959
21042
21089
21117
21132
21172
21326
21354
21415
21417
21421
21481
21568
21589
21608
21652
21663
21773
21900
21906
21918
21924
21954
22003
22013
22060
22125
22148
22181
22491
22632
22660
22683
22729
22814
22882
22906
22970
23004
23012
23059
23087
23088
23140
23173
23235
23240
23248
23319
23346
23350
23403
23467
23508
23584
23587
23632
23885
23911
23953
24039
24065
24262
24278
24292
24492
24556
24798
24828
24837
24841
24915
24941
24946
25029
25090
25145
25293
25307
25361
25375
25375
25387
25441
25444
25519
25553
25555
25656
25798
25820
25823
25903
25915
26021
26169
26172
26230
26235
26286
26367
26380
26391
26434
26631
26814
27015
27070
27151
27234
27254
27266
27272
27350
27366
27397
27412
27436
27508
27518
27674
27713
27984
28047
28060
28085
28166
28219
28369
28375
28411
28422
28431
28539
28558
28888
28901
28959
29035
29085
29212
29237
29240
29242
29256
29357
29369
29409
29436
29480
29592
29620
29666
29674
29800
29915
30063
30175
30208
30288
30343
30369
30429
30455
30465
30559
30651
30652
30711
30919
30946
31057
31058
31122
31135
31198
31266
31337
31340
31358
31386
31438
31506
31593
31880
31882
31981
32041
32131
32358
32684
32687
32719
32756
